0.016601085662841797,0,0
0.032164573669433594,2,58
0.05452680587768555,8,226
0.07180142402648926,14,355
0.0873727798461914,21,434
0.10300493240356445,30,526
0.1200253963470459,39,601
0.1362624168395996,50,669
0.15149378776550293,62,727
0.1686716079711914,74,777
0.18404531478881836,89,829
0.20008444786071777,102,862
0.2171492576599121,118,901
0.2332601547241211,133,933
0.24983620643615723,148,953
0.26664042472839355,164,981
0.2823505401611328,180,999
0.2984445095062256,196,1017
0.31397032737731934,214,1032
0.3309288024902344,232,1042
0.3470127582550049,248,1050
0.3627607822418213,263,1062
0.3799607753753662,282,1070
0.3961820602416992,300,1075
0.41152119636535645,317,1079
0.42877626419067383,334,1086
0.45156335830688477,360,1096
0.46942734718322754,380,1099
0.4859473705291748,398,1106
0.5012309551239014,416,1102
0.5170848369598389,434,1113
0.5339329242706299,452,1113
0.5500524044036865,470,1120
0.5663189888000488,488,1125
0.5827813148498535,506,1131
0.599053144454956,526,1133
0.6149036884307861,544,1131
0.6318044662475586,562,1138
0.6473636627197266,580,1137
0.6629924774169922,598,1142
0.6801247596740723,617,1140
0.6962854862213135,635,1149
0.7118618488311768,654,1146
0.7288529872894287,674,1151
0.755018949508667,707,1156
0.773503303527832,725,1161
0.7899825572967529,744,1159
0.8062033653259277,762,1165
0.821505069732666,781,1161
0.8386447429656982,807,1169
0.8613357543945312,828,1165
0.8785989284515381,846,1169
0.8939876556396484,865,1163
0.9100825786590576,884,1169
0.9268808364868164,905,1167
0.9425692558288574,921,1168
0.9586536884307861,940,1161
0.9741084575653076,960,1164
0.9910778999328613,980,1162
1.007002353668213,998,1170
1.0228493213653564,1017,1170
1.0401771068572998,1036,1171
1.0563199520111084,1054,1174
1.0719475746154785,1073,1172
1.0889623165130615,1094,1173
1.10490083694458,1113,1173
1.1207606792449951,1132,1177
1.1374821662902832,1151,1176
1.153381109237671,1170,1181
1.1694831848144531,1188,1180
1.1865448951721191,1208,1182
1.2022268772125244,1226,1179
1.218384027481079,1246,1180
1.2354018688201904,1266,1180
1.2572743892669678,1293,1177
1.2732820510864258,1311,1181
1.2902474403381348,1330,1176
1.306389570236206,1349,1182
1.3220059871673584,1368,1174
1.3390562534332275,1389,1180
1.3544442653656006,1408,1179
1.370375633239746,1424,1181
1.3873732089996338,1446,1185
1.4031720161437988,1465,1178
1.4192478656768799,1484,1186
1.4363226890563965,1503,1181
1.4520480632781982,1522,1185
1.468958854675293,1543,1182
1.485938310623169,1562,1182
1.5009021759033203,1581,1185
1.5164434909820557,1598,1189
1.531296968460083,1616,1182
1.5480382442474365,1636,1188
1.5628340244293213,1654,1188
1.5786583423614502,1671,1188
1.5944428443908691,1692,1181
1.6099827289581299,1709,1187
1.6255137920379639,1728,1185
1.6465122699737549,1752,1188
1.6631314754486084,1773,1188
1.6788256168365479,1792,1187
1.69541597366333,1811,1183
1.7102487087249756,1828,1191
1.7260534763336182,1846,1185
1.7463836669921875,1870,1188
1.7615268230438232,1890,1189
1.7770020961761475,1909,1186
1.7932121753692627,1928,1189
1.8089392185211182,1946,1183
1.8240783214569092,1966,1191
1.8404350280761719,1982,1183
1.8561618328094482,2001,1189
1.8710801601409912,2020,1189
1.8865985870361328,2037,1188
1.9027795791625977,2056,1186
1.9185843467712402,2075,1188
1.9334073066711426,2094,1186
1.9501047134399414,2113,1192
1.965782880783081,2132,1185
1.9803962707519531,2148,1191
1.996978759765625,2170,1192
