0.017705678939819336,1,3
0.03653383255004883,4,110
0.05589795112609863,8,197
0.0746772289276123,14,285
0.09416031837463379,20,359
0.11365103721618652,28,406
0.1311655044555664,36,452
0.15790557861328125,49,497
0.17760753631591797,60,529
0.19702863693237305,70,552
0.21585392951965332,81,573
0.23425078392028809,92,591
0.2542285919189453,104,601
0.27359485626220703,116,623
0.292651891708374,128,626
0.31354641914367676,142,641
0.3314785957336426,153,640
0.3508181571960449,166,649
0.36980271339416504,178,654
0.38803958892822266,190,654
0.4076874256134033,202,656
0.4262199401855469,215,660
0.4458951950073242,228,664
0.46500253677368164,241,660
0.48401927947998047,253,669
0.5034337043762207,266,665
0.5210587978363037,278,674
0.5400543212890625,290,670
0.5660605430603027,308,675
0.5857398509979248,322,670
0.6059427261352539,335,676
0.6245274543762207,348,673
0.6430997848510742,360,670
0.6620333194732666,374,680
0.6806550025939941,386,670
0.7002232074737549,398,679
0.7186625003814697,412,673
0.737168550491333,424,680
0.7566008567810059,438,671
0.7759087085723877,450,680
0.7946960926055908,464,673
0.8138556480407715,476,682
0.8335666656494141,489,673
0.8521058559417725,502,684
0.8705105781555176,515,679
0.8895778656005859,527,678
0.9089207649230957,541,680
0.927598237991333,553,679
0.945991039276123,571,682
0.971646785736084,583,673
0.9901571273803711,595,680
1.011176586151123,610,676
1.0307097434997559,624,677
1.0495781898498535,636,681
1.0689334869384766,650,676
1.0876061916351318,662,679
1.1070685386657715,675,676
1.1259562969207764,688,689
1.1441795825958252,700,674
1.1637260913848877,714,686
1.1816415786743164,727,680
1.2005155086517334,739,683
1.2201406955718994,752,673
1.2384064197540283,765,685
1.2579007148742676,778,682
1.2759590148925781,790,680
1.2961468696594238,804,684
1.315901756286621,817,683
1.334822177886963,831,685
1.3596653938293457,847,681
1.3786594867706299,861,686
1.3970320224761963,873,679
1.4164798259735107,886,684
1.4350428581237793,899,687
1.4536666870117188,912,682
1.4736888408660889,925,684
1.491826057434082,938,678
1.5109858512878418,951,690
1.529670000076294,963,676
1.5483968257904053,977,688
1.5680193901062012,989,681
1.586575984954834,1003,689
1.606022596359253,1015,679
1.6259489059448242,1029,688
1.6438021659851074,1042,683
1.6637053489685059,1055,689
1.6820125579833984,1069,684
1.7004978656768799,1081,683
1.720109224319458,1094,688
1.7386078834533691,1107,681
1.7631406784057617,1124,691
1.7819905281066895,1137,682
1.8005995750427246,1150,686
1.8214726448059082,1163,686
1.8400449752807617,1176,690
1.8586645126342773,1190,688
1.8779218196868896,1202,681
1.9120261669158936,1226,682
1.9558594226837158,1256,684
1.9817116260528564,1274,687
2.0002057552337646,1286,689
