0.014465093612670898,0,-2
0.030421018600463867,-2,-12
0.045232534408569336,-5,-193
0.061312198638916016,-10,-286
0.0767827033996582,-15,-373
0.09243249893188477,-22,-470
0.1082305908203125,-32,-539
0.1238710880279541,-42,-616
0.13901615142822266,-52,-688
0.15534615516662598,-64,-735
0.17090201377868652,-78,-793
0.18628907203674316,-90,-835
0.20143508911132812,-104,-885
0.21741271018981934,-118,-914
0.23311209678649902,-133,-942
0.256441593170166,-154,-984
0.27222633361816406,-171,-997
0.28691959381103516,-187,-1016
0.30283474922180176,-204,-1026
0.3185408115386963,-220,-1037
0.33484649658203125,-237,-1047
0.3504023551940918,-252,-1056
0.36647510528564453,-268,-1066
0.3820958137512207,-286,-1068
0.3968923091888428,-303,-1072
0.41344380378723145,-320,-1077
0.4289548397064209,-338,-1079
0.44416213035583496,-352,-1084
0.4613304138183594,-372,-1090
0.47664523124694824,-388,-1094
0.49240756034851074,-406,-1095
0.5080232620239258,-422,-1097
0.5233919620513916,-440,-1104
0.5385315418243408,-458,-1106
0.5543115139007568,-474,-1105
0.5708339214324951,-494,-1110
0.5861945152282715,-509,-1108
0.601315975189209,-527,-1112
0.6173920631408691,-544,-1114
0.63307785987854,-562,-1115
0.655529260635376,-587,-1116
0.6723780632019043,-605,-1115
0.6871256828308105,-623,-1113
0.7029461860656738,-640,-1112
0.7190005779266357,-658,-1119
0.7343306541442871,-681,-1119
0.7539501190185547,-696,-1116
0.7704207897186279,-714,-1119
0.785374641418457,-732,-1120
0.8010261058807373,-750,-1119
0.828460693359375,-782,-1117
0.8440911769866943,-797,-1119
0.8599064350128174,-815,-1120
0.8758652210235596,-833,-1117
0.8910529613494873,-853,-1118
0.9084851741790771,-871,-1118
0.9252550601959229,-889,-1122
0.9407398700714111,-904,-1121
0.9559183120727539,-922,-1119
0.9724934101104736,-941,-1126
0.9872503280639648,-959,-1123
1.0029096603393555,-976,-1123
1.0185678005218506,-995,-1128
1.0343031883239746,-1010,-1122
1.0558674335479736,-1035,-1120
1.0723285675048828,-1053,-1123
1.0871896743774414,-1071,-1119
1.1028683185577393,-1089,-1119
1.1190392971038818,-1107,-1122
1.1342966556549072,-1122,-1121
1.1501648426055908,-1140,-1117
1.1649880409240723,-1158,-1124
1.181183099746704,-1176,-1124
1.1966071128845215,-1192,-1122
1.2124054431915283,-1210,-1123
1.2281594276428223,-1230,-1122
1.243856430053711,-1246,-1120
1.2590136528015137,-1264,-1123
1.2755701541900635,-1282,-1121
1.2909479141235352,-1300,-1118
1.3062591552734375,-1316,-1124
1.3229005336761475,-1336,-1120
1.3378984928131104,-1352,-1122
1.3533706665039062,-1370,-1124
1.3684067726135254,-1388,-1117
1.3850462436676025,-1405,-1117
1.4004762172698975,-1421,-1121
1.4153180122375488,-1439,-1122
1.431567668914795,-1457,-1122
1.4532787799835205,-1482,-1123
1.4695889949798584,-1500,-1122
1.4855701923370361,-1518,-1125
1.5008816719055176,-1536,-1127
1.5163295269012451,-1551,-1124
1.5355443954467773,-1574,-1125
1.5630838871002197,-1606,-1125
1.5909004211425781,-1637,-1124
1.6104295253753662,-1657,-1123
1.6265614032745361,-1675,-1131
1.6422443389892578,-1694,-1125
1.656921148300171,-1712,-1126
1.6726760864257812,-1727,-1128
1.6885194778442383,-1748,-1129
1.7041857242584229,-1763,-1127
1.7199089527130127,-1782,-1132
1.7401142120361328,-1804,-1131
1.7551355361938477,-1822,-1133
1.7706007957458496,-1838,-1128
1.798356533050537,-1872,-1136
1.8240973949432373,-1899,-1135
1.840599775314331,-1917,-1134
1.865945816040039,-1946,-1134
1.8940484523773193,-1978,-1135
1.9101905822753906,-1996,-1136
1.9251155853271484,-2014,-1136
1.9414036273956299,-2033,-1132
1.956739902496338,-2048,-1135
1.972672700881958,-2067,-1138
1.988555908203125,-2087,-1133
2.0041680335998535,-2103,-1137
