0.019002914428710938,0,-2
0.03685736656188965,-3,-18
0.05308675765991211,-6,-216
0.06992101669311523,-12,-297
0.08742856979370117,-19,-392
0.10394740104675293,-27,-466
0.12066912651062012,-36,-522
0.13834524154663086,-46,-582
0.15426921844482422,-57,-618
0.17093801498413086,-68,-659
0.191070556640625,-82,-695
0.20810270309448242,-93,-724
0.22417902946472168,-106,-750
0.2489604949951172,-125,-769
0.26595044136047363,-138,-792
0.28282809257507324,-152,-799
0.2994973659515381,-166,-818
0.31646728515625,-178,-829
0.33353734016418457,-194,-836
0.3507041931152344,-209,-847
0.3673272132873535,-222,-850
0.3994464874267578,-250,-861
0.42803144454956055,-274,-865
0.44589757919311523,-290,-873
0.4619002342224121,-304,-879
0.48407554626464844,-325,-880
0.5009546279907227,-339,-879
0.5173773765563965,-353,-885
0.5349664688110352,-369,-884
0.5513277053833008,-383,-891
0.5683777332305908,-398,-892
0.5859105587005615,-413,-881
0.6018972396850586,-428,-890
0.6186404228210449,-442,-891
0.6363365650177002,-458,-878
0.6595125198364258,-479,-892
0.6801192760467529,-497,-892
0.7126140594482422,-525,-891
0.7291958332061768,-541,-891
0.746910810470581,-557,-885
0.7665529251098633,-573,-887
0.7827661037445068,-588,-889
0.8007457256317139,-605,-881
0.8172295093536377,-620,-888
0.8334417343139648,-634,-887
0.8506975173950195,-650,-884
0.8666727542877197,-662,-890
0.8824057579040527,-676,-886
0.8992593288421631,-692,-890
0.9188745021820068,-710,-898
0.9367225170135498,-724,-895
0.9531588554382324,-741,-899
0.9692516326904297,-755,-895
0.9855222702026367,-770,-890
1.0021932125091553,-784,-898
1.0181703567504883,-798,-893
1.0333037376403809,-812,-894
1.0569183826446533,-834,-903
1.0725865364074707,-846,-899
1.0886335372924805,-861,-903
1.105830192565918,-877,-902
1.1209228038787842,-892,-893
1.1369266510009766,-906,-898
1.153289794921875,-920,-895
1.1695430278778076,-934,-898
1.187513828277588,-951,-899
1.2064170837402344,-967,-898
1.2229220867156982,-983,-897
1.2389976978302002,-998,-901
1.2562146186828613,-1012,-897
1.271806240081787,-1026,-903
1.2874336242675781,-1041,-898
1.3040969371795654,-1057,-904
1.3200695514678955,-1070,-902
1.3362338542938232,-1084,-895
1.3528034687042236,-1098,-905
1.3689143657684326,-1115,-897
1.384268045425415,-1129,-897
1.4015474319458008,-1144,-901
1.4173576831817627,-1158,-894
1.4330358505249023,-1172,-905
1.456521987915039,-1192,-909
1.4729797840118408,-1209,-903
1.4890644550323486,-1223,-906
1.506244421005249,-1238,-907
1.521881341934204,-1252,-903
1.5373859405517578,-1266,-905
1.5540575981140137,-1281,-903
1.570101261138916,-1296,-906
1.5863432884216309,-1310,-903
1.6028282642364502,-1324,-900
1.6190237998962402,-1340,-902
1.6344037055969238,-1355,-897
1.6515629291534424,-1369,-902
1.6673085689544678,-1384,-902
1.6829485893249512,-1398,-896
1.699171781539917,-1413,-904
1.7189903259277344,-1431,-903
1.7344167232513428,-1446,-897
1.7504048347473145,-1460,-905
1.77117919921875,-1480,-906
1.7969105243682861,-1502,-909
1.8134074211120605,-1516,-899
1.8538777828216553,-1552,-914
1.8701918125152588,-1567,-905
1.8864960670471191,-1582,-914
1.902085542678833,-1596,-911
1.9190971851348877,-1612,-905
1.9344613552093506,-1627,-908
1.9509031772613525,-1641,-900
1.9675066471099854,-1656,-904
1.9831476211547852,-1670,-905
1.9993736743927002,-1684,-899
