0.06900191307067871,2,54
0.08926677703857422,4,93
0.10927295684814453,6,100
0.12840795516967773,9,111
0.1470503807067871,11,123
0.17370223999023438,15,138
0.19162249565124512,17,146
0.211714506149292,21,158
0.23005342483520508,23,154
0.24963831901550293,27,161
0.26742124557495117,29,160
0.28574085235595703,33,157
0.3058500289916992,36,167
0.32448863983154297,39,161
0.34316229820251465,41,169
0.3649613857269287,45,167
0.383209228515625,49,170
0.4029426574707031,52,166
0.4212219715118408,55,166
0.4400341510772705,59,173
0.45989322662353516,61,165
0.478501558303833,65,171
0.4963948726654053,67,167
0.5159883499145508,71,175
0.5348174571990967,75,172
0.5533015727996826,77,167
0.5790386199951172,82,168
0.5969562530517578,85,167
0.6162071228027344,88,169
0.6354000568389893,91,167
0.6551759243011475,95,176
0.6740972995758057,98,166
0.6928849220275879,101,173
0.7122280597686768,105,170
0.7311086654663086,107,168
0.7493863105773926,111,174
0.7690958976745605,114,167
0.7870266437530518,117,177
0.8062193393707275,121,171
0.8249845504760742,124,173
0.8438520431518555,127,171
0.8633060455322266,130,167
0.8817253112792969,133,169
0.9011268615722656,137,163
0.9202098846435547,140,174
0.9389767646789551,143,169
0.9624783992767334,147,175
0.9831387996673584,151,166
1.0013175010681152,153,170
1.0215396881103516,157,170
1.0399017333984375,160,164
1.0589377880096436,163,172
1.0779242515563965,167,169
1.0959720611572266,170,174
1.1153218746185303,173,166
1.134490966796875,176,171
1.1530060768127441,179,167
1.1730077266693115,183,166
1.1917750835418701,186,173
1.2102956771850586,189,173
1.2298610210418701,193,179
1.2489259243011475,196,167
1.2684135437011719,199,168
1.2863552570343018,202,169
1.3049852848052979,205,170
1.3256745338439941,209,170
1.3458373546600342,213,173
1.3713524341583252,217,177
1.3904588222503662,220,170
1.4093677997589111,223,171
1.4291691780090332,227,167
1.4470410346984863,230,175
1.4655241966247559,233,169
1.4849929809570312,237,177
1.5037169456481934,240,175
1.5230138301849365,243,175
1.5413637161254883,246,174
1.5603253841400146,249,169
1.5798537731170654,253,175
1.598738670349121,256,169
1.6163897514343262,259,177
1.635962724685669,263,176
1.6552417278289795,266,173
1.675114631652832,269,169
1.6940531730651855,273,170
1.712831735610962,276,174
1.7317092418670654,279,170
1.7511372566223145,283,179
1.775477647781372,287,174
1.7948901653289795,291,177
1.813138723373413,293,168
1.8324263095855713,297,174
1.8511552810668945,300,170
1.8693969249725342,303,169
1.8891313076019287,307,173
1.9070570468902588,310,172
1.9269230365753174,313,177
1.9610092639923096,319,170
1.979727029800415,322,167
1.99900484085083,325,168
