0.01891326904296875,0,2
0.03750467300415039,2,27
0.05522561073303223,4,104
0.07527852058410645,8,193
0.09403395652770996,12,228
0.11225199699401855,17,261
0.13268184661865234,24,299
0.1551802158355713,30,327
0.17846107482910156,38,346
0.1963202953338623,46,356
0.2147226333618164,52,369
0.23462963104248047,59,382
0.25324034690856934,66,385
0.27274513244628906,74,388
0.29230332374572754,82,400
0.3130679130554199,90,398
0.33345794677734375,98,403
0.3520224094390869,106,404
0.37029170989990234,113,403
0.3902895450592041,121,402
0.4089791774749756,130,409
0.4282491207122803,137,408
0.44748902320861816,145,405
0.46524786949157715,152,415
0.4848923683166504,161,412
0.5039079189300537,168,411
0.5220751762390137,176,417
0.5420856475830078,184,413
0.5684258937835693,194,416
0.588021993637085,203,419
0.6059410572052002,210,411
0.6246776580810547,218,413
0.6448004245758057,226,419
0.6633343696594238,234,411
0.6829404830932617,243,413
0.701317310333252,250,423
0.7202951908111572,258,416
0.7401947975158691,266,420
0.7584307193756104,274,426
0.7762799263000488,282,418
0.7960445880889893,290,418
0.8148465156555176,298,422
0.8340492248535156,306,421
0.8532159328460693,314,417
0.8718979358673096,322,423
0.8912506103515625,330,416
0.9103004932403564,338,414
0.928715705871582,346,423
0.9484043121337891,354,416
0.9727470874786377,364,420
0.9920797348022461,372,426
1.0108568668365479,380,419
1.0292186737060547,388,424
1.0490775108337402,397,428
1.0680983066558838,404,419
1.0870440006256104,412,424
1.1053266525268555,420,423
1.124765396118164,428,414
1.14406418800354,436,421
1.162881851196289,444,424
1.180891990661621,452,418
1.200495719909668,460,417
1.2194623947143555,468,423
1.2391114234924316,476,419
1.2577977180480957,484,424
1.2755565643310547,492,428
1.2951786518096924,500,422
1.3151979446411133,509,427
1.3340559005737305,516,427
1.3590474128723145,528,416
1.3791522979736328,536,420
1.3988144397735596,544,422
1.4174199104309082,552,419
1.4351985454559326,560,425
1.454826831817627,568,423
1.4731910228729248,576,420
1.4912993907928467,584,425
1.5109148025512695,592,426
1.5302734375,599,422
1.549346685409546,608,426
1.5680770874023438,615,424
1.5861248970031738,624,419
1.6060161590576172,632,424
1.6245191097259521,639,422
1.6447815895080566,648,419
1.6632716655731201,656,422
1.6818935871124268,664,421
1.7010788917541504,672,424
1.7204570770263672,680,433
1.7382276058197021,688,427
1.764488697052002,698,420
1.7829084396362305,707,425
1.8021070957183838,714,416
1.8206915855407715,722,420
1.838912010192871,731,428
1.8585255146026611,738,424
1.8763487339019775,747,423
1.8947508335113525,754,432
1.9150419235229492,763,424
1.9340643882751465,771,427
1.9538393020629883,780,434
1.9720823764801025,787,426
1.9908831119537354,796,425
2.010321855545044,804,432
