0.02351546287536621,-2,-16
0.04257035255432129,-4,-132
0.06088519096374512,-10,-226
0.0801851749420166,-15,-308
0.09864521026611328,-22,-369
0.11760377883911133,-30,-416
0.1370840072631836,-40,-463
0.15619230270385742,-48,-505
0.17509675025939941,-59,-517
0.19318652153015137,-69,-554
0.21229004859924316,-79,-570
0.23199081420898438,-91,-588
0.25019121170043945,-103,-603
0.27017903327941895,-116,-616
0.29056811332702637,-126,-623
0.3105185031890869,-140,-641
0.3301825523376465,-152,-637
0.35617637634277344,-169,-656
0.37608957290649414,-182,-648
0.3940913677215576,-194,-659
0.4128882884979248,-206,-655
0.43259429931640625,-219,-661
0.45118165016174316,-232,-660
0.4696633815765381,-244,-664
0.48892807960510254,-258,-664
0.5084531307220459,-270,-667
0.5273880958557129,-283,-668
0.5461709499359131,-294,-663
0.564232349395752,-308,-668
0.584153413772583,-321,-667
0.6033587455749512,-334,-673
0.6222777366638184,-345,-660
0.6420786380767822,-359,-672
0.6604025363922119,-370,-662
0.6795952320098877,-384,-669
0.6984059810638428,-396,-661
0.7169568538665771,-410,-674
0.7365410327911377,-421,-665
0.7610170841217041,-438,-665
0.7802128791809082,-450,-667
0.7987833023071289,-463,-665
0.8183858394622803,-476,-670
0.8369133472442627,-490,-660
0.8536796569824219,-500,-672
0.8716058731079102,-512,-661
0.8901245594024658,-524,-667
0.9074554443359375,-536,-662
0.9241428375244141,-547,-668
0.9425482749938965,-559,-666
0.9592835903167725,-571,-667
0.9762856960296631,-582,-671
0.9933030605316162,-594,-668
1.0111074447631836,-606,-671
1.027496337890625,-616,-667
1.0451033115386963,-628,-672
1.062730312347412,-639,-663
1.0793163776397705,-651,-673
1.0970373153686523,-663,-666
1.1134719848632812,-674,-672
1.1303861141204834,-684,-665
1.1539723873138428,-700,-671
1.172173261642456,-712,-669
1.1895313262939453,-724,-673
1.2065069675445557,-735,-665
1.2226884365081787,-746,-673
1.240302562713623,-758,-663
1.256958246231079,-770,-675
1.2731432914733887,-781,-665
1.2908852100372314,-793,-676
1.307337999343872,-804,-662
1.3236243724822998,-814,-680
1.3413329124450684,-826,-664
1.358389139175415,-838,-673
1.374434471130371,-849,-667
1.3920228481292725,-860,-674
1.4087181091308594,-871,-671
1.4255752563476562,-883,-675
1.4427564144134521,-894,-670
1.4593026638031006,-906,-675
1.4763917922973633,-916,-672
1.4930708408355713,-929,-674
1.5100007057189941,-940,-676
1.526681900024414,-950,-667
1.5489487648010254,-966,-671
1.5666520595550537,-977,-671
1.5828754901885986,-988,-676
1.6016507148742676,-1002,-673
1.6184327602386475,-1012,-675
1.6343674659729004,-1024,-675
1.6523029804229736,-1035,-677
1.6688625812530518,-1046,-675
1.6855847835540771,-1058,-679
1.7027661800384521,-1069,-671
1.7194030284881592,-1081,-677
1.7364401817321777,-1092,-674
1.7543590068817139,-1106,-681
1.7711849212646484,-1116,-676
1.787583351135254,-1128,-679
1.8060534000396729,-1139,-669
1.8220620155334473,-1150,-683
1.8388137817382812,-1161,-669
1.8565938472747803,-1173,-676
1.8745291233062744,-1186,-667
1.8915469646453857,-1198,-679
1.9093341827392578,-1210,-670
1.9356119632720947,-1228,-677
2.033057928085327,-1306,-672
