0.017122983932495117,0,0
0.03693199157714844,-1,-3
0.05559515953063965,-2,-9
0.07386612892150879,-4,-98
0.09311652183532715,-6,-121
0.11200118064880371,-8,-114
0.1306607723236084,-11,-136
0.15056419372558594,-14,-137
0.1684556007385254,-16,-145
0.1878359317779541,-20,-154
0.20675945281982422,-22,-153
0.22535490989685059,-26,-167
0.24466490745544434,-28,-162
0.262998104095459,-32,-168
0.28191447257995605,-35,-168
0.3015258312225342,-38,-164
0.3200564384460449,-42,-176
0.34067296981811523,-45,-166
0.36591601371765137,-50,-176
0.38466715812683105,-52,-172
0.4045689105987549,-56,-180
0.422971248626709,-59,-167
0.44335150718688965,-62,-178
0.46283411979675293,-66,-171
0.4820139408111572,-70,-177
0.5016679763793945,-73,-174
0.5205624103546143,-76,-173
0.5386354923248291,-80,-177
0.5580954551696777,-83,-169
0.5770785808563232,-86,-179
0.5966064929962158,-90,-170
0.614781379699707,-92,-176
0.6334748268127441,-96,-190
0.6532628536224365,-100,-180
0.6726765632629395,-103,-176
0.6910953521728516,-106,-175
0.7106575965881348,-110,-177
0.728745698928833,-113,-172
0.7479300498962402,-116,-179
0.7728831768035889,-120,-174
0.7912907600402832,-124,-182
0.8108291625976562,-127,-170
0.8303687572479248,-131,-179
0.8489797115325928,-134,-171
0.8675816059112549,-138,-177
0.8864340782165527,-140,-172
0.9056828022003174,-144,-171
0.9281425476074219,-148,-176
0.9476003646850586,-152,-175
0.9833943843841553,-157,-166
1.0115182399749756,-162,-175
1.0300688743591309,-165,-165
1.0534296035766602,-170,-173
1.0831677913665771,-174,-173
1.1029860973358154,-178,-176
1.121821403503418,-181,-167
1.1405916213989258,-184,-177
1.1655800342559814,-188,-164
1.1838774681091309,-192,-191
1.204047679901123,-195,-169
1.2229163646697998,-198,-181
1.2411868572235107,-202,-170
1.2606775760650635,-205,-171
1.2785923480987549,-208,-172
1.297356367111206,-211,-169
1.3166370391845703,-214,-171
1.337273359298706,-218,-168
1.3566570281982422,-222,-181
1.3753795623779297,-225,-170
1.3938426971435547,-228,-177
1.4132602214813232,-231,-167
1.4326882362365723,-234,-172
1.4509923458099365,-238,-171
1.4707958698272705,-241,-172
1.4886143207550049,-244,-180
1.5078845024108887,-248,-170
1.5266380310058594,-251,-179
1.5453760623931885,-254,-169
1.5708303451538086,-258,-161
1.5900580883026123,-262,-167
1.6079535484313965,-266,-179
1.6274559497833252,-268,-173
1.6472289562225342,-272,-176
1.6667382717132568,-275,-180
1.6849358081817627,-278,-168
1.703063726425171,-282,-193
1.7234792709350586,-285,-168
1.7418022155761719,-288,-179
1.760573387145996,-292,-173
1.7800476551055908,-295,-183
1.7978265285491943,-298,-180
1.8170881271362305,-302,-172
1.8365883827209473,-305,-175
1.8548848628997803,-308,-168
1.8746018409729004,-312,-181
1.8933055400848389,-315,-174
1.9114725589752197,-318,-184
1.9358582496643066,-322,-172
1.9833056926727295,-331,-172
2.0027410984039307,-334,-180
