0.01801013946533203,0,-7
0.03592562675476074,-1,-15
0.055344581604003906,-5,-127
0.07410645484924316,-8,-190
0.09269452095031738,-13,-226
0.11213326454162598,-17,-270
0.13082313537597656,-23,-293
0.15034699440002441,-29,-315
0.16875720024108887,-35,-337
0.18746089935302734,-43,-357
0.20625662803649902,-50,-368
0.22482657432556152,-56,-375
0.24361848831176758,-63,-394
0.26299262046813965,-71,-394
0.2815108299255371,-79,-395
0.302828311920166,-88,-409
0.3208475112915039,-95,-414
0.3402669429779053,-105,-410
0.3663136959075928,-114,-418
0.384784460067749,-121,-413
0.40530848503112793,-130,-408
0.42410826683044434,-137,-419
0.4439244270324707,-146,-414
0.4631209373474121,-154,-411
0.48194050788879395,-162,-424
0.5005056858062744,-169,-423
0.5201356410980225,-178,-424
0.5385253429412842,-185,-430
0.5578386783599854,-194,-424
0.5754344463348389,-201,-421
0.5941042900085449,-209,-430
0.6146600246429443,-217,-423
0.6330423355102539,-226,-418
0.6514577865600586,-234,-425
0.6707241535186768,-241,-418
0.6901066303253174,-250,-418
0.7089173793792725,-258,-423
0.7285149097442627,-266,-420
0.7514235973358154,-277,-425
0.7723045349121094,-285,-431
0.7909934520721436,-293,-422
0.8103470802307129,-301,-421
0.8289051055908203,-309,-428
0.8479931354522705,-317,-419
0.8665611743927002,-325,-418
0.8850224018096924,-333,-429
0.9121184349060059,-344,-422
0.9485142230987549,-359,-430
0.9683196544647217,-368,-421
0.986175537109375,-377,-429
1.004749059677124,-383,-427
1.0240890979766846,-391,-418
1.0429348945617676,-400,-424
1.0622217655181885,-408,-423
1.0808100700378418,-416,-423
1.1002771854400635,-424,-433
1.1192405223846436,-433,-431
1.1382122039794922,-441,-427
1.1636066436767578,-451,-429
1.1821224689483643,-459,-421
1.2004690170288086,-467,-420
1.2206742763519287,-475,-433
1.2391612529754639,-484,-422
1.2580499649047852,-492,-427
1.277526617050171,-501,-435
1.2951979637145996,-508,-430
1.3180134296417236,-517,-427
1.3359763622283936,-525,-428
1.354276418685913,-533,-418
1.3742492198944092,-541,-423
1.3932452201843262,-550,-427
1.411383867263794,-557,-418
1.431913137435913,-567,-427
1.450608491897583,-574,-433
1.4701247215270996,-583,-426
1.4884798526763916,-591,-433
1.5063838958740234,-599,-436
1.526026725769043,-607,-430
1.5487265586853027,-617,-427
1.5704796314239502,-626,-424
1.5891406536102295,-634,-425
1.6084682941436768,-643,-436
1.6282682418823242,-651,-429
1.6470820903778076,-659,-427
1.6652116775512695,-667,-436
1.6849391460418701,-675,-423
1.7038764953613281,-683,-423
1.7232325077056885,-692,-431
1.7420110702514648,-699,-422
1.7605054378509521,-707,-422
1.7801523208618164,-716,-432
1.7984943389892578,-723,-425
1.8163683414459229,-732,-426
1.8360512256622314,-740,-436
1.854301929473877,-747,-431
1.8732640743255615,-756,-430
1.8939049243927002,-765,-436
1.9123246669769287,-773,-427
1.9320969581604004,-781,-423
1.9574909210205078,-792,-432
1.9763712882995605,-801,-431
1.9950480461120605,-809,-437
