0.08631372451782227,19,418
0.18205714225769043,75,701
0.26842808723449707,141,810
0.35206031799316406,214,859
0.44618940353393555,293,886
0.5284373760223389,367,898
0.5931715965270996,432,901
0.6412053108215332,470,915
0.6899642944335938,514,910
0.7261412143707275,547,905
0.7573785781860352,581,919
0.8131577968597412,629,920
0.8631987571716309,675,916
0.9240453243255615,729,916
0.9583137035369873,759,921
0.9894309043884277,788,919
1.0102291107177734,807,924
1.0268020629882812,823,926
1.042964220046997,838,920
1.0648846626281738,858,917
1.0827090740203857,875,925
1.099388599395752,889,921
1.117119550704956,906,921
1.1333189010620117,921,921
1.1502196788787842,935,919
1.168269395828247,953,916
1.1841404438018799,969,920
1.2008392810821533,983,914
1.2184557914733887,999,917
1.2348263263702393,1015,919
1.258362054824829,1035,921
1.2743678092956543,1051,918
1.2912354469299316,1067,923
1.308943271636963,1083,919
1.3257763385772705,1098,926
1.34177827835083,1113,932
1.3590126037597656,1129,926
1.3759794235229492,1144,928
1.3920834064483643,1159,932
1.4131462574005127,1179,924
1.430006980895996,1194,923
1.4791181087493896,1241,920
1.5131335258483887,1274,927
1.5559027194976807,1311,928
1.5738334655761719,1327,925
1.5940351486206055,1350,930
1.6266632080078125,1376,933
1.6661534309387207,1413,927
1.6832807064056396,1429,929
1.7001392841339111,1445,933
1.718141794204712,1461,924
1.736863613128662,1479,926
1.7568447589874268,1499,931
1.7773301601409912,1517,930
1.7987720966339111,1537,930
1.8514366149902344,1589,934
1.892326831817627,1623,932
1.9089348316192627,1640,938
1.9266808032989502,1655,932
1.9429736137390137,1671,935
1.961712121963501,1688,933
1.9805583953857422,1707,931
1.9997870922088623,1723,931
